; 1 = ice, 2 = fish
111111111111111111111111111111
111111121111111111111111111111
111111111111111111111111111111
121111111111111111111111111111
111111111111111111111111111111
111111111111111111111111111111
111111211111111111111111111111
111111111111111111111111111111
112111121111111111111111111111
111111111111111111111111111111
111111111111111111111111111111
111111121111111111111111111111
111111111111111111111111111111
121111111111111111111111111111
111111111111111111111111111111
111111111111111111111111111111
111111211111111111111111111111
111111111111111111111111111111
112111121111111111111111111111
111111111111111111111111111111
111111111111111111111111111111
111111121111111111111111111111
111111111111111111111111111111
121111111111111111111111111111
111111111111111111111111111111
111111111111111111111111111111
111111211111111111111111111111
111111111111111111111111111111
112111121111111111111111111111
111111111111111111111111111111